{
 "cells": [
  {
   "cell_type": "code",
   "execution_count": 50,
   "id": "f7487348-7062-40d8-819f-8acafe961c47",
   "metadata": {},
   "outputs": [],
   "source": [
    "import meshio\n",
    "import math"
   ]
  },
  {
   "cell_type": "code",
   "execution_count": 2,
   "id": "858fc4fa-5b33-4950-8e6a-b66fc4f13f46",
   "metadata": {},
   "outputs": [],
   "source": [
    "import numpy as np\n",
    "from numpy import pi, sin, cos\n",
    "import plotly.graph_objects as go\n",
    "from plotly.subplots import make_subplots\n",
    "import plotly.io as pio"
   ]
  },
  {
   "cell_type": "code",
   "execution_count": 3,
   "id": "efd6122e-3e59-4e62-8bca-6c59daae1d23",
   "metadata": {},
   "outputs": [
    {
     "name": "stdout",
     "output_type": "stream",
     "text": [
      "Jupyter environment detected. Enabling Open3D WebVisualizer.\n",
      "[Open3D INFO] WebRTC GUI backend enabled.\n",
      "[Open3D INFO] WebRTCWindowSystem: HTTP handshake server disabled.\n"
     ]
    },
    {
     "name": "stderr",
     "output_type": "stream",
     "text": [
      "/home/robert/.pyenv/versions/3.9.7/envs/venv/lib/python3.9/site-packages/scipy/__init__.py:146: UserWarning: A NumPy version >=1.16.5 and <1.23.0 is required for this version of SciPy (detected version 1.23.3\n",
      "  warnings.warn(f\"A NumPy version >={np_minversion} and <{np_maxversion}\"\n"
     ]
    }
   ],
   "source": [
    "import pathlib\n",
    "from pathlib import Path\n",
    "import sys\n",
    "import argparse\n",
    "import os\n",
    "\n",
    "if sys.version_info.major >= 3 and sys.version_info.minor >= 6:\n",
    "    import urllib.request as urllib\n",
    "else:\n",
    "    import urllib\n",
    "import tempfile\n",
    "import re\n",
    "import tqdm\n",
    "import json\n",
    "import open3d as o3d"
   ]
  },
  {
   "cell_type": "markdown",
   "id": "42372269-7676-437f-bbf8-b7634c7132e1",
   "metadata": {},
   "source": [
    "## Download data"
   ]
  },
  {
   "cell_type": "code",
   "execution_count": 4,
   "id": "302df1a5-6e03-4c82-acaf-db44a1a20268",
   "metadata": {},
   "outputs": [],
   "source": [
    "# adapted from https://gist.github.com/WaldJohannaU/55f5e35992ea91157b789b15eac4d432\n",
    "\n",
    "BASE_URL = 'http://campar.in.tum.de/public_datasets/3RScan/'\n",
    "DATA_URL = BASE_URL + 'Dataset/'\n",
    "TOS_URL = 'http://campar.in.tum.de/public_datasets/3RScan/3RScanTOU.pdf'\n",
    "TEST_FILETYPES = ['mesh.refined.v2.obj', 'mesh.refined.mtl', 'mesh.refined_0.png', 'sequence.zip']\n",
    "# We only provide semantic annotations for the train and validation scans as well as the for the\n",
    "# reference scans in the test set.\n",
    "FILETYPES = TEST_FILETYPES + ['labels.instances.annotated.v2.ply', 'mesh.refined.0.010000.segs.v2.json', 'semseg.v2.json']\n",
    "\n",
    "RELEASE = 'release_scans.txt'\n",
    "HIDDEN_RELEASE = 'test_rescans.txt'\n",
    "\n",
    "RELEASE_SIZE = '~94GB'\n",
    "id_reg = re.compile(r\"[a-z0-9]{8}-[a-z0-9]{4}-[a-z0-9]{4}-[a-z0-9]{4}-[a-z0-9]{12}\")\n",
    "\n",
    "def get_scans(scan_file):\n",
    "    scan_lines = urllib.urlopen(scan_file)\n",
    "    scans = []\n",
    "    for scan_line in scan_lines:\n",
    "        scan_line = scan_line.decode('utf8').rstrip('\\n')\n",
    "        match = id_reg.search(scan_line)\n",
    "        if match:\n",
    "            scan_id = match.group()\n",
    "            scans.append(scan_id)\n",
    "    return scans\n",
    "\n",
    "def download_release(release_scans, out_dir, file_types):\n",
    "    print('Downloading 3RScan release to ' + out_dir + '...')\n",
    "    for scan_id in tqdm.tqdm(release_scans):\n",
    "        scan_out_dir = os.path.join(out_dir, scan_id)\n",
    "        download_scan(scan_id, scan_out_dir, file_types)\n",
    "    print('Downloaded 3RScan release.')\n",
    "\n",
    "def download_file(url, out_file):\n",
    "    # print(url)\n",
    "    out_dir = os.path.dirname(out_file)\n",
    "    if not os.path.isdir(out_dir):\n",
    "        os.makedirs(out_dir)\n",
    "    if not os.path.isfile(out_file):\n",
    "        # print('\\t' + url + ' > ' + out_file)\n",
    "        fh, out_file_tmp = tempfile.mkstemp(dir=out_dir)\n",
    "        f = os.fdopen(fh, 'w')\n",
    "        f.close()\n",
    "        urllib.urlretrieve(url, out_file_tmp) \n",
    "        os.rename(out_file_tmp, out_file)\n",
    "    else: pass\n",
    "        # print('WARNING: skipping download of existing file ' + out_file)\n",
    "\n",
    "def download_scan(scan_id, out_dir, file_types):\n",
    "    # print('Downloading 3RScan scan ' + scan_id + ' ...')\n",
    "    if not os.path.isdir(out_dir):\n",
    "        os.makedirs(out_dir)\n",
    "    for ft in file_types:\n",
    "        url = DATA_URL + '/' + scan_id + '/' + ft\n",
    "        out_file = out_dir + '/' + ft\n",
    "        download_file(url, out_file)\n",
    "    # print('Downloaded scan ' + scan_id)\n",
    "    "
   ]
  },
  {
   "cell_type": "markdown",
   "id": "00efed1d-2e7e-41b1-a788-3eed9032a1a9",
   "metadata": {},
   "source": [
    "### Define file type and scans to download"
   ]
  },
  {
   "cell_type": "code",
   "execution_count": 5,
   "id": "27c52389-ecd2-42c4-9853-8fcb82160eb6",
   "metadata": {},
   "outputs": [],
   "source": [
    "file_type = 'semseg.v2.json'\n",
    "file_types = [file_type]\n",
    "scan_id = None  # None ==> download all files\n",
    "out_dir = 'all_3rscans'\n",
    "pathlib.Path(out_dir).mkdir(exist_ok=True)"
   ]
  },
  {
   "cell_type": "markdown",
   "id": "736a183d-9f59-47a1-9036-1113c956b57b",
   "metadata": {},
   "source": [
    "### Download files"
   ]
  },
  {
   "cell_type": "code",
   "execution_count": 5,
   "id": "a0db7802-f5a3-4da6-b1e4-6c0bea422669",
   "metadata": {
    "collapsed": true,
    "jupyter": {
     "outputs_hidden": true
    },
    "tags": []
   },
   "outputs": [
    {
     "ename": "NameError",
     "evalue": "name 'get_scans' is not defined",
     "output_type": "error",
     "traceback": [
      "\u001b[0;31m---------------------------------------------------------------------------\u001b[0m",
      "\u001b[0;31mNameError\u001b[0m                                 Traceback (most recent call last)",
      "\u001b[0;32m/tmp/ipykernel_51896/2540171466.py\u001b[0m in \u001b[0;36m<module>\u001b[0;34m\u001b[0m\n\u001b[0;32m----> 1\u001b[0;31m \u001b[0mrelease_scans\u001b[0m \u001b[0;34m=\u001b[0m \u001b[0mget_scans\u001b[0m\u001b[0;34m(\u001b[0m\u001b[0mBASE_URL\u001b[0m \u001b[0;34m+\u001b[0m \u001b[0mRELEASE\u001b[0m\u001b[0;34m)\u001b[0m\u001b[0;34m\u001b[0m\u001b[0;34m\u001b[0m\u001b[0m\n\u001b[0m\u001b[1;32m      2\u001b[0m \u001b[0mtest_scans\u001b[0m \u001b[0;34m=\u001b[0m \u001b[0mget_scans\u001b[0m\u001b[0;34m(\u001b[0m\u001b[0mBASE_URL\u001b[0m \u001b[0;34m+\u001b[0m \u001b[0mHIDDEN_RELEASE\u001b[0m\u001b[0;34m)\u001b[0m\u001b[0;34m\u001b[0m\u001b[0;34m\u001b[0m\u001b[0m\n\u001b[1;32m      3\u001b[0m \u001b[0mfile_types_test\u001b[0m \u001b[0;34m=\u001b[0m \u001b[0mTEST_FILETYPES\u001b[0m\u001b[0;34m;\u001b[0m\u001b[0;34m\u001b[0m\u001b[0;34m\u001b[0m\u001b[0m\n\u001b[1;32m      4\u001b[0m \u001b[0;34m\u001b[0m\u001b[0m\n\u001b[1;32m      5\u001b[0m \u001b[0;32mif\u001b[0m \u001b[0mfile_type\u001b[0m \u001b[0;32mnot\u001b[0m \u001b[0;32min\u001b[0m \u001b[0mTEST_FILETYPES\u001b[0m\u001b[0;34m:\u001b[0m\u001b[0;34m\u001b[0m\u001b[0;34m\u001b[0m\u001b[0m\n",
      "\u001b[0;31mNameError\u001b[0m: name 'get_scans' is not defined"
     ]
    }
   ],
   "source": [
    "release_scans = get_scans(BASE_URL + RELEASE)\n",
    "test_scans = get_scans(BASE_URL + HIDDEN_RELEASE)\n",
    "file_types_test = TEST_FILETYPES;\n",
    "\n",
    "if file_type not in TEST_FILETYPES:\n",
    "    file_types_test = []\n",
    "else:\n",
    "    file_types_test = [file_type]\n",
    "if scan_id:  # download single scan\n",
    "    if scan_id not in release_scans and scan_id not in test_scans:\n",
    "        print('ERROR: Invalid scan id: ' + scan_id)\n",
    "    else:\n",
    "        out_dir = os.path.join(args.out_dir, scan_id)\n",
    "\n",
    "        if scan_id in release_scans:\n",
    "            download_scan(scan_id, out_dir, file_types)\n",
    "        elif scan_id in test_scans:\n",
    "            download_scan(scan_id, out_dir, file_types_test)\n",
    "else: # download entire release\n",
    "    if len(file_types) == len(FILETYPES):\n",
    "        print('WARNING: You are downloading the entire 3RScan release which requires ' + RELEASE_SIZE + ' of space.')\n",
    "    else:\n",
    "        print('WARNING: You are downloading all 3RScan scans of type ' + file_types[0])\n",
    "    print('Note that existing scan directories will be skipped. Delete partially downloaded directories to re-download.')\n",
    "    print('***')\n",
    "    print('Press any key to continue, or CTRL-C to exit.')\n",
    "    key = input('')\n",
    "    download_release(release_scans, out_dir, file_types)\n",
    "    download_release(test_scans, out_dir, file_types_test)"
   ]
  },
  {
   "cell_type": "markdown",
   "id": "41afe257-ab5b-4f1a-8a0b-929546c3c16f",
   "metadata": {},
   "source": [
    "## Parse data"
   ]
  },
  {
   "cell_type": "code",
   "execution_count": 55,
   "id": "9604a97b-bf41-458d-8840-8a23881194fe",
   "metadata": {},
   "outputs": [
    {
     "data": {
      "text/plain": [
       "PosixPath('all_3rscans/0cac755e-8d6f-2d13-8c6a-c0979ca34a4f/semseg.v2.json')"
      ]
     },
     "execution_count": 55,
     "metadata": {},
     "output_type": "execute_result"
    }
   ],
   "source": [
    "semseg_files[0]"
   ]
  },
  {
   "cell_type": "code",
   "execution_count": 6,
   "id": "343885fd-4432-4d62-aa37-f3b1827c6428",
   "metadata": {
    "tags": []
   },
   "outputs": [],
   "source": [
    "data_dir = Path('all_3rscans')\n",
    "# Warning: not all scenes have a semseg.v2.json (1381 vs 1482)\n",
    "semseg_files = [f / 'semseg.v2.json' for f in data_dir.iterdir() if f.is_dir() and (f / 'semseg.v2.json').exists()]"
   ]
  },
  {
   "cell_type": "code",
   "execution_count": 77,
   "id": "d757d775-3a31-4455-bc15-87b40a67cdea",
   "metadata": {},
   "outputs": [],
   "source": [
    "scenes = []\n",
    "for fp in semseg_files:\n",
    "    with open(fp) as f:\n",
    "        j = json.load(f)\n",
    "    bboxes = []\n",
    "    for obj in j['segGroups']:  \n",
    "        bboxes.append({\n",
    "            'centroid': obj['obb']['centroid'],\n",
    "            'axesLengths': obj['obb']['axesLengths'],\n",
    "            'normalizedAxes': obj['obb']['normalizedAxes'],\n",
    "            'label': obj['label'],\n",
    "            'id': fp.parts[1]\n",
    "        })\n",
    "    scenes.append(bboxes)"
   ]
  },
  {
   "cell_type": "code",
   "execution_count": 108,
   "id": "1b965116-30bb-4297-90ec-d602dcd4cf12",
   "metadata": {
    "tags": []
   },
   "outputs": [
    {
     "data": {
      "text/plain": [
       "{'centroid': [-1.5771138134959835, 1.7649075851651648, -1.097637007712937],\n",
       " 'axesLengths': [1.5694338937692993, 0.8191460187924052, 0.8655946113532621],\n",
       " 'normalizedAxes': [0.8626997470855713,\n",
       "  -0.5057164430618286,\n",
       "  -1.1229160780375582e-16,\n",
       "  0,\n",
       "  -2.220446049250313e-16,\n",
       "  1,\n",
       "  -0.5057164430618286,\n",
       "  -0.8626997470855713,\n",
       "  -1.915578245105401e-16],\n",
       " 'label': 'bean bag',\n",
       " 'id': '0cac755e-8d6f-2d13-8c6a-c0979ca34a4f'}"
      ]
     },
     "execution_count": 108,
     "metadata": {},
     "output_type": "execute_result"
    }
   ],
   "source": [
    "# `scenes` is a list of scenes.\n",
    "# each scene is a list of objects.\n",
    "# each object is specified by a bounding box.\n",
    "scenes[0][0]"
   ]
  },
  {
   "cell_type": "markdown",
   "id": "5d37c630-c95e-4d2d-9340-447428a1fbf3",
   "metadata": {},
   "source": [
    "## Visualize bounding boxes"
   ]
  },
  {
   "cell_type": "markdown",
   "id": "aebfe491-7f56-4b3e-8c23-508af1e5b70c",
   "metadata": {},
   "source": [
    "### Generate mesh of all bounding boxes and export as `mesh.obj`."
   ]
  },
  {
   "cell_type": "code",
   "execution_count": 141,
   "id": "11bb5b41-8b07-4cdf-83f9-3023f8cb6782",
   "metadata": {},
   "outputs": [
    {
     "data": {
      "text/plain": [
       "{'centroid': [-2.6628329922224987, 5.701635876901911, -1.1925675807319398],\n",
       " 'axesLengths': [0.7763073302478619, 0.550465035055614, 0.43033136404818667],\n",
       " 'normalizedAxes': [0.9346343874931335,\n",
       "  0.35561007261276245,\n",
       "  7.896129808066253e-17,\n",
       "  0,\n",
       "  -2.220446049250313e-16,\n",
       "  1,\n",
       "  0.35561007261276245,\n",
       "  -0.9346343874931335,\n",
       "  -2.0753052332026146e-16],\n",
       " 'label': 'tv stand',\n",
       " 'id': '19eda6f4-55aa-29a0-8893-8eac3a4d8193'}"
      ]
     },
     "execution_count": 141,
     "metadata": {},
     "output_type": "execute_result"
    }
   ],
   "source": [
    "obj"
   ]
  },
  {
   "cell_type": "code",
   "execution_count": null,
   "id": "e9c2aa2e-d2d3-4fd9-ac6c-69cea50c4695",
   "metadata": {},
   "outputs": [],
   "source": [
    "[dict(\n",
    "        x = bbb[0],\n",
    "        y = bbb[1],\n",
    "        z = bbb[2] + ccc[2]/2 + 0.1,\n",
    "        ax = 50,\n",
    "        ay = 0,\n",
    "        text = \"Point 5\",\n",
    "        arrowhead = 1,\n",
    "        # xanchor = \"left\",\n",
    "        # yanchor = \"bottom\"\n",
    "                    )\n",
    "                                    ]"
   ]
  },
  {
   "cell_type": "code",
   "execution_count": 244,
   "id": "542b0d2a-032a-4a16-ae68-b4c26bbab5b0",
   "metadata": {},
   "outputs": [
    {
     "name": "stdout",
     "output_type": "stream",
     "text": [
      "35\n",
      "{'centroid': [-2.6628329922224987, 5.701635876901911, -1.1925675807319398], 'axesLengths': [0.7763073302478619, 0.550465035055614, 0.43033136404818667], 'normalizedAxes': [0.9346343874931335, 0.35561007261276245, 7.896129808066253e-17, 0, -2.220446049250313e-16, 1, 0.35561007261276245, -0.9346343874931335, -2.0753052332026146e-16], 'label': 'tv stand', 'id': '19eda6f4-55aa-29a0-8893-8eac3a4d8193'}\n",
      "0   tv stand volume: 0.18389351976884133\n",
      "{'centroid': [-3.6627032457649147, 5.241511450779247, -1.211505078639724], 'axesLengths': [1.0134892178624586, 0.48300992362924067, 0.38766398005578684], 'normalizedAxes': [0.9999433755874634, 0.010640213266015053, 2.3626019509703895e-18, 0, -2.220446049250313e-16, 1, 0.010640213266015053, -0.9999433755874634, -2.220320317797205e-16], 'label': 'bench', 'id': '19eda6f4-55aa-29a0-8893-8eac3a4d8193'}\n",
      "1      bench volume: 0.1897713454101929\n",
      "{'centroid': [-0.2731783146346658, 2.362736870670112, -1.041575607845735], 'axesLengths': [0.5900148632255008, 0.8168490346480373, 0.6283095162965565], 'normalizedAxes': [0.9825561046600342, -0.18596649169921875, -4.129285617864714e-17, 0, -2.220446049250313e-16, 1, -0.18596649169921875, -0.9825561046600342, -2.18171282075915e-16], 'label': 'chair', 'id': '19eda6f4-55aa-29a0-8893-8eac3a4d8193'}\n",
      "2      chair volume: 0.30281570120274165\n",
      "{'centroid': [0.46477757452571944, 4.791433933510026, -1.0746600890608131], 'axesLengths': [3.24884584332616, 0.849320035070478, 2.3663295902742263], 'normalizedAxes': [-0.15182623267173767, 0.9884071946144104, 2.194704850332153e-16, 0, -2.220446049250313e-16, 1, 0.9884071946144104, 0.15182623267173767, 3.371219585085187e-17], 'label': 'sofa', 'id': '19eda6f4-55aa-29a0-8893-8eac3a4d8193'}\n",
      "3       sofa volume: 6.529436583686779\n",
      "{'centroid': [-2.9639241160608836, 2.828785571487194, -0.8208150736060378], 'axesLengths': [0.981626854245044, 1.3416299222045402, 0.4332259353149166], 'normalizedAxes': [0.9968096613883972, 0.07981545478105545, 1.772259112377116e-17, 0, -2.220446049250313e-16, 1, 0.07981545478105545, -0.9968096613883972, -2.213362074484409e-16], 'label': 'plant', 'id': '19eda6f4-55aa-29a0-8893-8eac3a4d8193'}\n",
      "4      plant volume: 0.5705498750030131\n",
      "{'centroid': [0.11426327025451855, 6.286601684619159, -1.332615038396084], 'axesLengths': [0.7289952349531156, 0.3947700173831728, 0.6041395541694645], 'normalizedAxes': [0.80523282289505, -0.5929588079452515, -1.3166330424702088e-16, 0, -2.220446049250313e-16, 1, -0.5929588079452515, -0.80523282289505, -1.787976040323991e-16], 'label': 'shelf', 'id': '19eda6f4-55aa-29a0-8893-8eac3a4d8193'}\n",
      "5      shelf volume: 0.17386258045218772\n",
      "{'centroid': [-2.645266318447066, 5.730158300505881, -0.7740730973167795], 'axesLengths': [0.7465620836448466, 0.5489339705794904, 0.3116852956043031], 'normalizedAxes': [0.9500210881233215, 0.31218579411506653, 6.931917131748711e-17, 0, -2.220446049250313e-16, 1, 0.31218579411506653, -0.9500210881233215, -2.1094705718279128e-16], 'label': 'tv', 'id': '19eda6f4-55aa-29a0-8893-8eac3a4d8193'}\n",
      "6         tv volume: 0.12773277608067113\n",
      "{'centroid': [-3.841142491172921, 4.130749409281449, -0.33000011563301124], 'axesLengths': [0.6114075469631647, 0.9199999961256974, 0.2608714811283689], 'normalizedAxes': [0.9769884347915649, -0.2132921814918518, -4.736037817295631e-17, 0, -2.220446049250313e-16, 1, -0.2132921814918518, -0.9769884347915649, -2.1693501101961775e-16], 'label': 'clothes', 'id': '19eda6f4-55aa-29a0-8893-8eac3a4d8193'}\n",
      "7    clothes volume: 0.14673888834344945\n",
      "{'centroid': [0.5841446271760671, 3.6809781191241586, -0.9600450982888415], 'axesLengths': [0.6699189812691072, 0.26009004726804674, 0.3086507117975326], 'normalizedAxes': [0.9906318187713623, 0.13655975461006165, 3.032235676105036e-17, 0, -2.220446049250313e-16, 1, 0.13655975461006165, -0.9906318187713623, -2.1996445082525236e-16], 'label': 'pillow', 'id': '19eda6f4-55aa-29a0-8893-8eac3a4d8193'}\n",
      "8     pillow volume: 0.05377907146899812\n",
      "{'centroid': [-3.8385861540191266, 4.080652106705545, 0.13999988291412535], 'axesLengths': [0.6605416001306568, 0.29999998472630995, 0.0713401686466609], 'normalizedAxes': [0.9986022710800171, -0.05285318195819855, -1.1735763906938989e-17, 0, -2.220446049250313e-16, 1, -0.05285318195819855, -0.9986022710800171, -2.217342467592014e-16], 'label': 'rack', 'id': '19eda6f4-55aa-29a0-8893-8eac3a4d8193'}\n",
      "9       rack volume: 0.014136944025692516\n",
      "{'centroid': [-5.090140866066233, 4.630501733030631, -0.44000009767711257], 'axesLengths': [1.0809633119275122, 2.139999937862158, 0.08146199644255153], 'normalizedAxes': [0.075795479118824, 0.9971233606338501, 2.2140586267346276e-16, 0, -2.220446049250313e-16, 1, 0.9971233606338501, -0.075795479118824, -1.6829977216042736e-17], 'label': 'door', 'id': '19eda6f4-55aa-29a0-8893-8eac3a4d8193'}\n",
      "10       door volume: 0.1884428935957443\n",
      "{'centroid': [-4.641501206063815, 5.51394550081185, -0.6700001190602776], 'axesLengths': [0.8654190224394103, 1.5600000122189512, 0.12064335634132493], 'normalizedAxes': [0.9992343187332153, -0.03912520781159401, -8.68754131113514e-18, 0, -2.220446049250313e-16, 1, -0.03912520781159401, -0.9992343187332153, -2.218745895306496e-16], 'label': 'door', 'id': '19eda6f4-55aa-29a0-8893-8eac3a4d8193'}\n",
      "11       door volume: 0.16287500786934614\n",
      "{'centroid': [0.276380166528738, 5.189207506042963, -0.9921320957959003], 'axesLengths': [0.9617896430354941, 0.3008960418202866, 0.9919047292141671], 'normalizedAxes': [0.7677884101867676, -0.6407034993171692, -1.422647553799659e-16, 0, -2.220446049250313e-16, 1, -0.6407034993171692, -0.7677884101867676, -1.704832742059387e-16], 'label': 'pillow', 'id': '19eda6f4-55aa-29a0-8893-8eac3a4d8193'}\n",
      "12     pillow volume: 0.2870559358386524\n",
      "{'centroid': [-0.5809662900423354, 5.179455259387398, -0.9778510914478233], 'axesLengths': [0.4165066001720076, 0.1320579618500628, 0.3135199647993086], 'normalizedAxes': [0.9987688660621643, 0.04960568621754646, 1.1014674998210175e-17, 0, -2.220446049250313e-16, 1, 0.04960568621754646, -0.9987688660621643, -2.2177123827619478e-16], 'label': 'bag', 'id': '19eda6f4-55aa-29a0-8893-8eac3a4d8193'}\n",
      "13        bag volume: 0.017244542610518034\n",
      "{'centroid': [0.9181244497042911, 0.5724840085758269, -1.2454300747343159], 'axesLengths': [1.036444480779666, 0.4891400227887924, 0.34963138857589127], 'normalizedAxes': [0.9967662692070007, -0.08035554736852646, -1.7842515768979097e-17, 0, -2.220446049250313e-16, 1, -0.08035554736852646, -0.9967662692070007, -2.2132657244866588e-16], 'label': 'table', 'id': '19eda6f4-55aa-29a0-8893-8eac3a4d8193'}\n",
      "14      table volume: 0.17725139329671621\n",
      "{'centroid': [0.7223166921792727, 5.091926963758832, -1.1304450881381714], 'axesLengths': [1.598855264106471, 0.7208900290528675, 0.8778649516068059], 'normalizedAxes': [0.32505396008491516, 0.9456954598426819, 2.099865747601641e-16, 0, -2.220446049250313e-16, 1, 0.9456954598426819, -0.32505396008491516, -7.217647814637188e-17], 'label': 'pillow', 'id': '19eda6f4-55aa-29a0-8893-8eac3a4d8193'}\n",
      "15     pillow volume: 1.0118261054039523\n",
      "{'centroid': [-0.4281873004891291, 6.158698072672303, -1.1864651083246245], 'axesLengths': [0.1428025709392936, 0.1953499273505077, 0.1218612388557415], 'normalizedAxes': [-0.509406328201294, 0.8605260848999023, 1.9107517454928277e-16, 0, -2.220446049250313e-16, 1, 0.8605260848999023, 0.509406328201294, 1.1311092689176715e-16], 'label': 'item', 'id': '19eda6f4-55aa-29a0-8893-8eac3a4d8193'}\n",
      "16       item volume: 0.0033994986203758665\n",
      "{'centroid': [0.779502650931226, 4.779015791136585, -1.0800001286715268], 'axesLengths': [0.027664050805068296, 0.019999980479479262, 0.00452999750731691], 'normalizedAxes': [0.7396585941314697, -0.6729822754859924, -1.4943208348183577e-16, 0, -2.220446049250313e-16, 1, -0.6729822754859924, -0.7396585941314697, -1.6423720031332628e-16], 'label': 'pillow', 'id': '19eda6f4-55aa-29a0-8893-8eac3a4d8193'}\n",
      "17     pillow volume: 2.506359177510752e-06\n",
      "{'centroid': [0.9309630624621643, 5.423390315630646, -0.9346331055916925], 'axesLengths': [0.4201570786239067, 0.31897401096729894, 0.19207200664470933], 'normalizedAxes': [0.7707906365394592, -0.6370885372161865, -1.4146207254843424e-16, 0, -2.220446049250313e-16, 1, -0.6370885372161865, -0.7707906365394592, -1.7114990237031763e-16], 'label': 'pillow', 'id': '19eda6f4-55aa-29a0-8893-8eac3a4d8193'}\n",
      "18     pillow volume: 0.025741334484252407\n",
      "{'centroid': [0.8243722015468911, 3.4436185960433803, -0.7764700682505232], 'axesLengths': [0.7058940032966028, 0.36085598854297435, 0.4619663953825716], 'normalizedAxes': [0.9283323287963867, -0.3717513680458069, -8.25453856480711e-17, 0, -2.220446049250313e-16, 1, -0.3717513680458069, -0.9283323287963867, -2.0613118518672795e-16], 'label': 'bag', 'id': '19eda6f4-55aa-29a0-8893-8eac3a4d8193'}\n",
      "19        bag volume: 0.11767488823275024\n",
      "{'centroid': [-0.5635809965524216, 5.248671880202533, -1.2190355888969715], 'axesLengths': [0.8712381068378072, 0.5279290558115601, 0.6152972346556922], 'normalizedAxes': [0.04233074188232422, 0.9991036653518677, 2.2184557865220615e-16, 0, -2.220446049250313e-16, 1, 0.9991036653518677, -0.04233074188232422, -9.399312857444157e-18], 'label': 'sidecouch', 'id': '19eda6f4-55aa-29a0-8893-8eac3a4d8193'}\n",
      "20  sidecouch volume: 0.2830071389928495\n",
      "{'centroid': [-0.7980042813092748, 6.272192181582218, -1.2246850362117976], 'axesLengths': [0.18706733855348823, 0.15220999377496547, 0.1325915155795086], 'normalizedAxes': [0.9999003410339355, 0.014116331934928894, 3.134455347481889e-18, 0, -2.220446049250313e-16, 1, 0.014116331934928894, -0.9999003410339355, -2.220224761892843e-16], 'label': 'item', 'id': '19eda6f4-55aa-29a0-8893-8eac3a4d8193'}\n",
      "21       item volume: 0.0037753469634065544\n",
      "{'centroid': [-0.3429400619698034, 4.011690778555475, -0.9222056268407659], 'axesLengths': [1.095453633139495, 0.3538690130292843, 0.5294564566089104], 'normalizedAxes': [0.0643603652715683, 0.9979267120361328, 2.215842425181986e-16, 0, -2.220446049250313e-16, 1, 0.9979267120361328, -0.0643603652715683, -1.4290871879556088e-17], 'label': 'table', 'id': '19eda6f4-55aa-29a0-8893-8eac3a4d8193'}\n",
      "22      table volume: 0.20524225785146674\n",
      "{'centroid': [-0.05709542353339103, 0.4145938708544916, -0.4782586195709144], 'axesLengths': [0.8430919201831732, 1.9868430051168118, 0.21665408592057467], 'normalizedAxes': [0.9927218556404114, -0.12042994797229767, -2.674082021865091e-17, 0, -2.220446049250313e-16, 1, -0.12042994797229767, -0.9927218556404114, -2.204285322361191e-16], 'label': 'doorframe', 'id': '19eda6f4-55aa-29a0-8893-8eac3a4d8193'}\n",
      "23  doorframe volume: 0.36291537103059995\n",
      "{'centroid': [-0.8539351591424527, 0.7421393150943258, -0.6400000961869958], 'axesLengths': [1.149963630757929, 0.9799999673664572, 0.9493353661094995], 'normalizedAxes': [0.9673091173171997, -0.25360023975372314, -5.631056504500867e-17, 0, -2.220446049250313e-16, 1, -0.25360023975372314, -0.9673091173171997, -2.1478577079507837e-16], 'label': 'plant', 'id': '19eda6f4-55aa-29a0-8893-8eac3a4d8193'}\n",
      "24      plant volume: 1.0698670859037482\n",
      "{'centroid': [-2.442193614766963, 0.8641767762968005, -0.4980356190792734], 'axesLengths': [0.5760540948934617, 1.9439289731399192, 0.40953373682982785], 'normalizedAxes': [0.051094286143779755, 0.9986938238143921, 2.2175457554993552e-16, 0, -2.220446049250313e-16, 1, 0.9986938238143921, -0.051094286143779755, -1.1345210580722077e-17], 'label': 'shelf', 'id': '19eda6f4-55aa-29a0-8893-8eac3a4d8193'}\n",
      "25      shelf volume: 0.4585992551729371\n",
      "{'centroid': [-1.8828236119119715, 0.25693396369695076, -0.5300000694394122], 'axesLengths': [0.9750177782889281, 2.039999916255475, 0.7252465047606897], 'normalizedAxes': [0.48050186038017273, 0.876993715763092, 1.9473172313835097e-16, 0, -2.220446049250313e-16, 1, 0.876993715763092, -0.48050186038017273, -1.0669284575385801e-16], 'label': 'door', 'id': '19eda6f4-55aa-29a0-8893-8eac3a4d8193'}\n",
      "26       door volume: 1.4425415417803813\n",
      "{'centroid': [-1.5343790600358385, 6.331713019617256, -1.3370651210755478], 'axesLengths': [0.4231792842668519, 0.3080300023847071, 0.3160639111348711], 'normalizedAxes': [0.27009066939353943, 0.962834894657135, 2.1379229379217768e-16, 0, -2.220446049250313e-16, 1, 0.962834894657135, -0.27009066939353943, -5.997217597942571e-17], 'label': 'box', 'id': '19eda6f4-55aa-29a0-8893-8eac3a4d8193'}\n",
      "27        box volume: 0.041199536376513614\n",
      "{'centroid': [-2.5652071652035535, 1.5784763299758642, -0.6800001093000176], 'axesLengths': [0.8284069538739491, 1.57999999269843, 0.26128523197895465], 'normalizedAxes': [0.05409148707985878, 0.9985359907150269, 2.2171952956174287e-16, 0, -2.220446049250313e-16, 1, 0.9985359907150269, -0.05409148707985878, -1.2010722878454678e-17], 'label': 'mirror', 'id': '19eda6f4-55aa-29a0-8893-8eac3a4d8193'}\n",
      "28     mirror volume: 0.3419917933427472\n",
      "{'centroid': [-1.8106288529952683, 0.4473179266212832, -0.48180011886805296], 'axesLengths': [0.8753241642995537, 1.983599976071715, 0.38367320152344125], 'normalizedAxes': [0.9997822642326355, -0.020866435021162033, -4.633279320467761e-18, 0, -2.220446049250313e-16, 1, -0.020866435021162033, -0.9997822642326355, -2.219962578725888e-16], 'label': 'doorframe', 'id': '19eda6f4-55aa-29a0-8893-8eac3a4d8193'}\n",
      "29  doorframe volume: 0.6661690907776462\n",
      "{'centroid': [-0.06098989559655388, 1.3978452467264315, -1.0517860918837938], 'axesLengths': [0.6243492004510184, 0.8332079462735068, 0.640509105138365], 'normalizedAxes': [0.7537179589271545, 0.6571980118751526, 1.459272729043343e-16, 0, -2.220446049250313e-16, 1, 0.6571980118751526, -0.7537179589271545, -1.67359006414881e-16], 'label': 'chair', 'id': '19eda6f4-55aa-29a0-8893-8eac3a4d8193'}\n",
      "30      chair volume: 0.33320098060807396\n",
      "{'centroid': [0.733635772850074, 1.7664403245902294, -0.7553975916192499], 'axesLengths': [1.741155627817411, 0.13079499906014647, 1.0153322288641622], 'normalizedAxes': [0.01419125311076641, 0.9998993277549744, 2.2202225119615768e-16, 0, -2.220446049250313e-16, 1, 0.9998993277549744, -0.01419125311076641, -3.1510911903712493e-18], 'label': 'table', 'id': '19eda6f4-55aa-29a0-8893-8eac3a4d8193'}\n",
      "31      table volume: 0.2312261253917297\n",
      "{'centroid': [-0.588296483722534, 6.333225613179422, -1.2306400765335566], 'axesLengths': [0.2836771480891903, 0.15509998451694873, 0.15030236636028937], 'normalizedAxes': [0.8266127705574036, -0.5627710819244385, -1.2496028254914437e-16, 0, -2.220446049250313e-16, 1, -0.5627710819244385, -0.8266127705574036, -1.8354490606440423e-16], 'label': 'item', 'id': '19eda6f4-55aa-29a0-8893-8eac3a4d8193'}\n",
      "32       item volume: 0.006613051803730039\n",
      "{'centroid': [-2.2804710994104846, 2.191837053987082, -0.9404201055224242], 'axesLengths': [1.1122864600756444, 1.0591600002536172, 0.7216432005546625], 'normalizedAxes': [0.32788458466529846, 0.9447177648544312, 2.097694828627608e-16, 0, -2.220446049250313e-16, 1, 0.9447177648544312, -0.32788458466529846, -7.280500306301418e-17], 'label': 'plant', 'id': '19eda6f4-55aa-29a0-8893-8eac3a4d8193'}\n",
      "33      plant volume: 0.8501601527179066\n",
      "{'centroid': [-0.8568918683276974, 0.7470564185401689, -1.0413300665170708], 'axesLengths': [0.4329460644981196, 0.102659938424976, 0.3084667979902143], 'normalizedAxes': [0.9723700284957886, -0.2334449291229248, -5.1835187058851774e-17, 0, -2.220446049250313e-16, 1, -0.2334449291229248, -0.9723700284957886, -2.159095188182888e-16], 'label': 'stand', 'id': '19eda6f4-55aa-29a0-8893-8eac3a4d8193'}\n",
      "34      stand volume: 0.01371018203184757\n"
     ]
    },
    {
     "data": {
      "text/plain": [
       "True"
      ]
     },
     "execution_count": 244,
     "metadata": {},
     "output_type": "execute_result"
    }
   ],
   "source": [
    "scene = [s for s in scenes if s[0]['id'] == '19eda6f4-55aa-29a0-8893-8eac3a4d8193'][0]\n",
    "mesh = o3d.geometry.TriangleMesh.create_coordinate_frame()\n",
    "objs = [o for o in scene if (o['label'] not in ['wall', 'floor', 'ceiling', 'stairs', 'window'])]\n",
    "print(len(objs))\n",
    "# mesh = o3d.geometry.TriangleMesh()\n",
    "bbox_annotations = []\n",
    "for idx, obj in enumerate(objs):\n",
    "    print(obj)\n",
    "    width, depth, height = obj[\"axesLengths\"]\n",
    "    print(idx, obj['label'].rjust(10), 'volume:', width * height * depth)\n",
    "    obb = o3d.geometry.TriangleMesh.create_box(width=width, height=height, depth=depth)\n",
    "    obb = obb.translate(-np.array([width, height, depth])/2)\n",
    "    rot_vec_norm = np.array([0., 0., 1.])  # rotate around z-axis.\n",
    "    ax, ay = obj[\"normalizedAxes\"][:2]\n",
    "    angle = math.atan2(ay, ax)\n",
    "    rot_vec = angle * rot_vec_norm\n",
    "    rot_mat = o3d.geometry.get_rotation_matrix_from_axis_angle(rot_vec)\n",
    "    obb = obb.rotate(rot_mat)\n",
    "    obb = obb.translate(obj[\"centroid\"])\n",
    "    mesh += obb\n",
    "    bbox_annotations.append(dict(\n",
    "        x=obj[\"centroid\"][0],\n",
    "        y=obj[\"centroid\"][1],\n",
    "        z=obj[\"centroid\"][2] + depth/2 + 0.01,\n",
    "        text=obj['label'],\n",
    "        arrowhead=1,\n",
    "    ))\n",
    "o3d.io.write_triangle_mesh(\"mesh.obj\", mesh)"
   ]
  },
  {
   "cell_type": "markdown",
   "id": "5a2e6640-e7e0-4017-ae2c-00bcca393a91",
   "metadata": {},
   "source": [
    "### Plot `mesh.obj`."
   ]
  },
  {
   "cell_type": "code",
   "execution_count": 245,
   "id": "1956fe77-4987-4fd7-9405-fbd8f6960ccc",
   "metadata": {},
   "outputs": [
    {
     "data": {
      "application/vnd.plotly.v1+json": {
       "config": {
        "plotlyServerURL": "https://plot.ly"
       },
       "data": [
        {
         "colorscale": [
          [
           0,
           "rgb(100,100,100)"
          ],
          [
           1,
           "rgb(250,250,250)"
          ]
         ],
         "i": [
          0,
          1,
          0,
          1,
          0,
          1,
          0,
          1,
          0,
          1,
          0,
          1,
          0,
          1,
          0,
          1,
          0,
          1,
          0,
          1,
          0,
          1,
          0,
          1,
          0,
          1,
          0,
          1,
          0,
          1,
          0,
          1,
          0,
          1,
          0,
          1,
          0,
          1,
          0,
          1,
          0,
          1,
          0,
          1,
          0,
          1,
          0,
          1,
          0,
          1,
          0,
          1,
          0,
          1,
          0,
          1,
          0,
          1,
          0,
          1,
          0,
          1,
          0,
          1,
          0,
          1,
          0,
          1,
          0,
          1,
          0,
          1,
          0,
          1,
          0,
          1,
          0,
          1,
          0,
          1,
          42,
          42,
          43,
          43,
          44,
          44,
          45,
          45,
          46,
          46,
          47,
          47,
          48,
          48,
          49,
          49,
          50,
          50,
          51,
          51,
          52,
          52,
          53,
          53,
          54,
          54,
          55,
          55,
          56,
          56,
          57,
          57,
          58,
          58,
          59,
          59,
          60,
          60,
          61,
          61,
          62,
          62,
          63,
          63,
          64,
          64,
          65,
          65,
          66,
          66,
          67,
          67,
          68,
          68,
          69,
          69,
          70,
          70,
          71,
          71,
          72,
          72,
          73,
          73,
          74,
          74,
          75,
          75,
          76,
          76,
          77,
          77,
          78,
          78,
          79,
          79,
          80,
          80,
          81,
          81,
          82,
          82,
          83,
          83,
          84,
          84,
          85,
          85,
          86,
          86,
          87,
          87,
          88,
          88,
          89,
          89,
          90,
          90,
          91,
          91,
          92,
          92,
          93,
          93,
          94,
          94,
          95,
          95,
          96,
          96,
          97,
          97,
          98,
          98,
          99,
          99,
          100,
          100,
          101,
          101,
          102,
          102,
          103,
          103,
          104,
          104,
          105,
          105,
          106,
          106,
          107,
          107,
          108,
          108,
          109,
          109,
          110,
          110,
          111,
          111,
          112,
          112,
          113,
          113,
          114,
          114,
          115,
          115,
          116,
          116,
          117,
          117,
          118,
          118,
          119,
          119,
          120,
          120,
          121,
          121,
          122,
          122,
          123,
          123,
          124,
          124,
          125,
          125,
          126,
          126,
          127,
          127,
          128,
          128,
          129,
          129,
          130,
          130,
          131,
          131,
          132,
          132,
          133,
          133,
          134,
          134,
          135,
          135,
          136,
          136,
          137,
          137,
          138,
          138,
          139,
          139,
          140,
          140,
          141,
          141,
          142,
          142,
          143,
          143,
          144,
          144,
          145,
          145,
          146,
          146,
          147,
          147,
          148,
          148,
          149,
          149,
          150,
          150,
          151,
          151,
          152,
          152,
          153,
          153,
          154,
          154,
          155,
          155,
          156,
          156,
          157,
          157,
          158,
          158,
          159,
          159,
          160,
          160,
          161,
          161,
          162,
          162,
          163,
          163,
          164,
          164,
          165,
          165,
          166,
          166,
          167,
          167,
          168,
          168,
          169,
          169,
          170,
          170,
          171,
          171,
          172,
          172,
          173,
          173,
          174,
          174,
          175,
          175,
          176,
          176,
          177,
          177,
          178,
          178,
          179,
          179,
          180,
          180,
          181,
          181,
          182,
          182,
          183,
          183,
          184,
          184,
          185,
          185,
          186,
          186,
          187,
          187,
          188,
          188,
          189,
          189,
          190,
          190,
          191,
          191,
          192,
          192,
          193,
          193,
          194,
          194,
          195,
          195,
          196,
          196,
          197,
          197,
          198,
          198,
          199,
          199,
          200,
          200,
          201,
          201,
          202,
          202,
          203,
          203,
          204,
          204,
          205,
          205,
          206,
          206,
          207,
          207,
          208,
          208,
          209,
          209,
          210,
          210,
          211,
          211,
          212,
          212,
          213,
          213,
          214,
          214,
          215,
          215,
          216,
          216,
          217,
          217,
          218,
          218,
          219,
          219,
          220,
          220,
          221,
          221,
          222,
          222,
          223,
          223,
          224,
          224,
          225,
          225,
          226,
          226,
          227,
          227,
          228,
          228,
          229,
          229,
          230,
          230,
          231,
          231,
          232,
          232,
          233,
          233,
          234,
          234,
          235,
          235,
          236,
          236,
          237,
          237,
          238,
          238,
          239,
          239,
          240,
          240,
          241,
          241,
          242,
          242,
          243,
          243,
          244,
          244,
          245,
          245,
          246,
          246,
          247,
          247,
          248,
          248,
          249,
          249,
          250,
          250,
          251,
          251,
          252,
          252,
          253,
          253,
          254,
          254,
          255,
          255,
          256,
          256,
          257,
          257,
          258,
          258,
          259,
          259,
          260,
          260,
          261,
          261,
          262,
          262,
          263,
